10900
42400
59500
529800
1610800
2226800
3798900
4237600
4804700
7815600
8104500
8210700
9022500
9023200
9121000
9740600
10212100
10280800
10997400
11104200
11201100
11527800
11693000
11831100
11858600
11885300
12317100
12669000
12697500
13195300
13196800
13216000
13332600
13943500
14315500
14522500
14752900
14930900
15016600
15035100
15036800
15091500
15298100
15373500
15603500
16318600
16514200
17165500
17375900
17577900
17893200
18122700
18279300
19022400
19065600
19495200
19595200
20163300
20596800
20808600
21336100
21362600
21550600
21918300
22063500
22068800
22104700
22228600
22776700
22783400
23230400
23354300
23896100
1717601
2371601
2440501
2465201
3827401
3947901
4282801
4693401
4792901
4795301
4808601
4825401
4845101
7743401
7989901
8420501
8738001
8775701
9074001
9587201
9616401
9642401
9695501
9773001
9896501
10519901
10828901
10852501
11143201
11146701
12277201
12283901
12645001
12699401
13351001
13955801
14440001
14814701
14969301
15075601
15095101
15116801
15202201
15252501
15258401
15292201
15352201
15838501
16367501
16504901
16863301
16892501
17242601
17541501
17598301
17713701
18047001
18459101
19659901
19993901
20242901
20292401
20578901
20606101
20642201
21425401
21602801
21784501
21974501
22182401
22410501
22651501
22759201
22935301
23273501
23288501
23336901
23337701
23346001
23585101
23987801
24056101
24069801
24071501
24169101
24382701
12702
54602
339202
434202
485402
2485502
3777102
3782102
3790502
4001002
4033602
4378302
4866202
4879902
7724702
7727302
7836202
8590502
9394002
9894502
9920602
10238902
10501502
10621302
10871202
10882602
11066402
11145702
11672102
11760402
11826002
11954402
12044102
12147102
12433902
12482602
12534102
12699402
12961602
13035302
13171702
13286302
13294702
13640002
13730802
14532902
14840802
14907802
15212502
15497602
15527802
15952302
16311102
16337402
16536002
16569702
16715802
16737102
16819902
17046502
17091702
17175402
17365502
17601502
17784302
17836602
18191902
18576002
18781502
19070402
19122902
19144602
19150902
19469602
19472202
19647202
19972802
20089002
20529002
20584402
20620902
20684602
20958502
21026602
21027002
21052302
21316302
21674102
21790402
21879802
21983102
22574102
22629002
22731402
22862002
22880302
22910302
22969602
22977402
23089202
23200702
23236602
23440802
23478602
23814102
23867302
23873302
23924702
24301802
24384402
24472102
1976103
4107603
4483503
4827203
4835303
4852703
4863303
7744803
7936303
8523903
8719703
8848803
9034603
9383003
9585103
10837903
10998003
11247703
11451703
11709203
11713703
11744403
11860203
12040403
12055803
12118303
12384103
12862403
12976003
13248503
13287903
13328803
13642103
13665703
13719203
14079603
14108203
14231703
14234603
14245303
14310603
14777903
15236803
15241503
15258503
15308803
15476203
15747203
15775903
15857803
16202203
16211103
16704303
16818403
17081103
17333903
17361803
17420903
17430303
17543603
18026903
18058603
18888703
18919103
19262403
19428003
19469603
19484603
19790403
20253003
20307403
20361503
20440003
20632203
20866503
21246203
21253103
21579403
21603103
21745903
22253103
22381403
22435703
22629403
22876203
22876403
22915003
23155103
23226503
23883703
23902703
24476403
48004
500904
517304
3956304
4367604
4539804
4908604
7837204
8230404
8583604
9263204
9665604
9896504
9918804
10241504
10245804
11852004
12235004
12399404
12452404
12616404
13646704
13720104
14156004
14266204
14445404
14473804
14835504
15088004
15220604
15224404
15226604
15412704
15754304
16061804
16381004
16388204
16536004
16538204
16650604
16824904
16902904
17227804
17322404
17324604
17672904
17815404
17840104
17845604
18024904
18123104
18154204
18519104
19012004
19392104
19499904
19877504
19981704
20233204
20237604
20468904
21052204
21065404
21298404
21549404
21578604
21674104
21918304
22134304
22140604
22151004
22168104
22603804
22609104
22779904
22885504
23189604
23315404
23371504
23933804
24200104
24210204
24384504
24473904
10605
31405
220405
506905
510905
3851305
3937905
9520205
9568005
9839105
9884105
10577605
10602505
10711205
10712105
10713705
10739305
10829905
11074105
11132605
11275605
11309205
11553705
11774305
12215905
13035405
13395005
13649805
14076105
14078405
14247105
14291305
14908405
15163205
15321305
15903805
16361705
16504805
16568405
16805805
16857505
17051305
17246205
17346805
17509705
17694205
17816105
18133205
18875705
19102605
19399205
19872305
20059805
20095505
20521205
20597005
20739205
21089005
21221105
21350305
21430805
21651505
21676805
21802605
22289005
22429405
22474105
22695705
22816105
23522905
23629405
23647605
23664005
23786005
23911105
24011805
24252405
157206
522506
544206
1628506
2029406
2116306
2312306
3651406
3800206
3937606
4245706
4442306
8622506
8701306
8805006
9073606
9547806
9630806
9657606
9659806
9667806
9765206
10017406
10027106
10039406
10772206
10949906
10950806
11028606
11101606
11141706
11176606
11286006
11473206
11571206
11578606
11695806
12201306
13018306
13506606
14031506
14296906
14675606
15043906
15177506
16100406
16218006
16464806
16592306
16894806
16898706
16914706
17160206
17784206
17790606
17817106
17866906
17984306
18058306
18076906
18099606
18159306
19010606
19101306
19150606
19442106
19521406
19599606
19672106
20951306
21137706
21215506
21407006
21423006
21426806
21515406
21523306
22388706
22440706
22585306
22770406
22961206
22977406
23190606
23238606
23333106
23338206
23452406
23719406
23740206
23932506
59707
440907
1970007
2364807
3517907
3938107
4078307
4272907
4392507
4831407
8150507
9248607
9393507
9438707
9682707
9742307
9829707
10488607
10496107
10567107
10691807
10794507
11030607
11129307
11245407
11278707
11329707
11469807
11486707
11532607
11997807
12237007
12237707
12315107
12900607
13235007
13310707
13994207
14198707
14383107
14618807
14663107
15090907
15094007
15381207
16136507
16688607
16839707
16861207
16881407
17129207
17185607
17377507
17696107
17709007
18019907
18779907
18902307
19035407
19241807
20134807
20200807
20215907
20355607
20393007
20411107
20493107
20777507
21166707
21349307
21546007
21788007
21789007
22053807
22177707
22602007
22942907
23135607
23226507
23235207
23235707
23482807
23555307
23657307
23947807
23993107
24002607
24086707
38908
3504508
3660508
3777408
3810508
4017108
4569408
8713208
8901508
9227808
9451208
9508208
9707808
9724008
10601608
10889808
10914108
10967308
11065708
11203008
11558508
11774608
12405208
12648708
12683108
13414708
13553908
13563508
13956308
14018108
14581208
14829008
14993608
15076508
15228508
15267308
15481308
15876608
15971908
16322008
16459908
16536508
16909408
17015708
17093208
17137208
17211308
17373408
17826108
17920408
18027408
18075408
18207708
18464508
18604308
18979508
19019208
19052408
19233208
19290408
19480208
19676308
19988108
20170808
20297008
20693608
21180208
21233508
21243308
21426608
21484208
21767608
21938708
22264408
22502708
22532508
22944708
22965608
23131108
23177508
23693108
23883608
23974408
24065508
24275008
55309
2029009
3710909
3988309
4053509
4815709
7817909
7840309
8227109
8561209
8632609
8702309
8729709
8945709
9810809
10175109
10660309
10824809
11221109
11360409
11664609
11670909
11731509
11827009
11904409
12220109
12511909
12802309
12912009
12947809
13077209
13449209
13684509
14179709
14485409
14782509
14970809
15204209
15903709
15978609
16121609
16565709
16607809
16610509
16688609
17637009
17734009
17776009
17797409
18161109
18343509
19354109
19652009
19894109
20199709
20310009
20468509
20686409
20816209
20901209
21328409
21349309
21552909
21711909
21722309
21899009
21950809
21994009
22154809
22382009
22523609
22829709
22860809
22896909
23096709
23655809
23762609
23872609
23943309
10910
12710
52410
515710
549410
3920810
4163210
4377710
4824710
7613810
7816210
8427510
8442910
9021810
9721410
9787310
9877610
9957710
10364610
10442310
10519510
10577610
10955710
11054810
11062810
11263410
11280110
11511710
11781810
11832010
12054710
12510810
12945410
13620010
13993910
14238810
14511710
14976810
15015310
15175610
15280710
15632610
15747210
15883710
16014110
16177210
16241610
16402610
16446710
16481410
16616110
16757010
17093210
17152610
17861010
17916510
18020410
18143810
18146010
18498810
18914910
19110910
19338110
19638610
19702810
19716210
20103810
20690910
20746310
21252010
21601110
21615510
21754910
22022210
22134310
22222210
22355510
22457710
22468210
22618710
23292510
23690510
23845910
23917010
24067610
24115510
24304710
54611
1683411
2351011
4788311
7836411
9463811
9501811
9797011
9878711
9885211
10174211
10175111
10188911
10434611
10454311
10471211
10761811
11001911
11142911
11341311
11478111
12032211
12400611
12618111
12703411
13383011
14605211
14734311
14835511
15353711
16132511
16181111
16346411
16361711
16383911
16639311
16752111
16776311
17200811
17221411
17482411
17487211
17913311
18071211
18087611
19175911
19412911
19700811
19981011
20150911
20367711
20413111
20641211
20687711
20854811
20985011
21560211
21719611
21985711
22055611
22093311
22186911
22280911
22472411
22829711
22832411
22919111
22994211
23189311
23518411
23676811
23761911
23786411
23911211
24011811
24200111
24294411
37612
467712
2407712
3493212
3520412
3675112
3730612
3781112
4378012
4766712
4836912
4841412
4861212
8314712
8339912
8353112
8729712
8942812
9394712
9584312
9796712
10235312
10493812
10691912
11035212
11144912
11264312
11571412
11574012
11716612
11811712
11933112
12788612
12881112
13222812
14187212
14191912
14301812
15033512
15385512
15386712
15571612
15755912
15930312
16335512
16477412
16546312
16760812
16770912
16793312
16805012
17432212
17590512
17784612
18015412
18023912
18254112
18266112
18453912
18954812
19098812
19284712
19334712
19353012
19495512
19638512
19679512
19939412
20129712
20334412
20508312
20566512
20633312
20977912
22112512
22134312
23289212
23295612
23474612
23657312
23754612
23942512
24451212
24466412
13613
1653613
2242613
2244413
3988213
8909113
9307413
9525513
9635213
10055513
10242013
10666913
10997313
11019013
11312613
11384613
11500313
11710313
11863313
11913813
11985813
12136813
12732413
13018113
13227413
13481013
13625013
14011113
14108113
14588613
14693813
14997513
15587313
15685113
16322913
16660113
16733213
17096913
17141313
17190813
17599613
17667213
17804013
18013313
18686113
19093913
19424613
19508813
19509413
20305213
20455913
20456813
20560013
20651113
20768413
21053713
21100813
21192013
21350313
21587713
21674713
21774413
21879713
21907113
21994413
22140813
22367713
23067713
23093013
23282913
23658013
24066513
24085513
24105413
24161613
152714
445314
1932914
4857214
8126214
9449014
9594814
9631214
9672014
9790214
9796214
9975914
10036914
10492914
10620914
10655514
10687514
10723614
10889214
11028614
11193914
11350714
11451614
11743514
11769514
11878714
11980414
12191314
12209214
12213614
12255014
12392914
12522614
12561814
13078214
13091014
13320814
13365114
13412314
13423414
13780914
13784814
14232814
14330214
14396914
15142814
15205114
15463814
15665214
15854514
15874914
16124314
16386814
16453314
16864914
16920714
17331914
17649514
17680514
17757414
17786914
17943814
18006814
18008214
18041714
18204214
18225114
18240714
18440214
18790614
19056514
19208514
19219414
19293914
19412914
19602714
20525214
20548014
20598114
20606114
21466514
21519914
21824214
21857014
22064114
23079814
23477014
23637414
3820815
4028115
4757815
4793015
4801015
7972215
8335415
8391815
8429915
9347115
9413815
9457415
9569215
9857415
10435015
10488915
11086715
11256515
11384115
11695715
11794115
11852415
11859315
11915815
11967115
12559515
13236815
13521315
14103415
14723615
15014715
15065615
15424215
15483315
15497415
15677315
15816315
15936715
16104215
16305715
16368015
16405415
16828215
16864815
17143915
17202015
17429115
18456015
18559615
19385515
19501115
19518315
19881615
20172215
20292015
20318215
20323515
20363115
20505015
20607115
21456615
21575915
21614915
21645315
21748315
22110615
22178915
22372615
22418315
22631315
22684415
22768915
22919215
22947515
23454715
23817515
23855315
23891915
24011815
24104515
24132615
17516
20216
223116
498716
1893416
3604816
4034516
4440016
4464316
8104616
8570616
8728016
9468816
9528116
9625016
9916716
10298416
10617016
10734716
10762316
10947616
11076216
11112416
11193516
11245716
11531416
11601216
11734016
11815416
11974116
12373716
12390516
12413116
12781016
13321516
14043216
14146816
14373216
14517416
15010516
15229516
15580516
15752316
16311516
16361416
16404416
17010816
17269216
17337616
17722116
17732316
18257316
18453216
18878916
19214216
19819816
19995416
20137616
20191616
20204916
20217316
20298916
20314316
20456616
20480716
21183016
21650916
22007916
22142516
22337716
22480316
23150516
23150716
23235716
23292716
23732916
23846616
24033716
24104616
24432416
10617
2098417
2320117
3820217
4550817
4655117
8760517
9075017
9599917
9695617
9917517
10096417
10425317
10571417
10572117
10680117
10690017
10746117
10847717
10866017
10900917
11954417
12530717
12667017
12675417
12757317
12938217
13051617
13286117
13352817
13438017
13556717
14070217
14823117
14836417
14949617
15070717
15088217
15219717
15413217
15553117
15874517
16059417
16311117
16754117
16833217
17874017
18026117
18055117
18102517
18196517
18458817
19112317
19355717
19495517
19694117
19799917
19925417
20368817
20966117
20992317
21327617
21390517
22028117
22297717
22413017
22732917
22829717
22862417
22890117
22949917
23175217
23228517
23355417
23658317
23721717
23738917
23761517
23782817
23874617
23880017
23908217
23940017
24042117
24066517
24438517
511118
531118
532218
546118
1602118
2103018
3793318
4384318
4422018
9011118
9583618
9833118
9965818
10296918
10304818
10478918
10686718
10931818
10951018
10986918
11197318
11478318
12167618
12292418
13212718
13667718
15170918
15615118
15831218
16070718
16400518
16714618
17155918
17296418
17395018
17490118
17561118
17708718
17725918
18033718
18079218
18892518
18922718
18973218
19200118
19245218
19657318
19765518
20307418
20588718
20598418
20613218
21133218
21169218
21215918
21424418
21484118
21529818
21754918
22086518
22091718
22161818
22363518
22526718
22835318
22890918
23062418
23364718
23966618
24142818
24919
326919
490119
1631819
2141219
2263319
3604819
3699319
3924419
4674719
4812719
7592019
8403419
8585319
9402719
9612219
9911819
10610319
10645719
10685819
10783419
10829919
11129319
11205319
11209219
11305219
11329619
11337519
11474719
11529919
11577419
11636219
11679819
11899519
12002419
12380019
12801219
13352519
13579819
14216619
14427419
15611019
15691619
15909819
16551719
16796219
16898719
16902619
16911119
17039319
17093319
17149419
17301819
17358519
17551719
17774919
17844419
17964019
18248719
18304719
18473719
18852919
19188219
19262219
19327219
19781919
19971919
20631719
20725419
20946119
21196519
21495219
21712919
21785419
22035019
22051419
22275019
22314419
23238019
23364919
23504619
24058719
24121419
24130419
24385819
1703120
2221620
3831020
4656820
4768520
4833220
7857720
8716020
9144020
9153420
9237620
9383920
10190220
10297520
10739420
10894920
11104820
11135320
11248520
11356320
11556220
11888520
12470720
12561520
12737420
13248020
13693420
14620320
14641320
14654020
14945820
15122020
15771420
15801220
16207720
16732420
16735120
16857520
16898220
16913220
17210920
17323420
17941120
18124220
18143720
18200420
19006220
19367420
19447320
19499320
19674120
19862920
19937720
20133120
20356720
20373920
20514520
20558520
21300520
21399220
21952620
22056220
22222220
22364820
22813220
23091920
23314220
23389620
23487520
23622520
23700920
24065120
24120220
24212220
24381120
24521220
11521
16721
66921
225521
442321
463321
503621
1624921
3632921
4056821
8668121
8833721
9265021
9267721
9555021
9895421
9966621
10250221
10296421
10621921
11328921
11341321
11774621
11838921
12155021
12963221
13226321
14057121
14232821
14304521
14326521
14553521
14706921
14882021
15071921
15146321
15232221
15498121
15842321
16202221
16364621
16655721
17453621
17694221
18199421
18266921
18414421
19238521
19431221
19818721
19914321
19917521
19931621
20148321
20150321
20313121
20510221
20524421
20859021
20860721
20889121
21164921
21458121
21477321
21568121
21904821
21958521
22380621
22549921
22593021
22617421
22652621
22745221
22885421
22994721
23064521
23104721
23189621
23336221
23690421
24056121
37922
502222
507122
2172422
8342922
8770522
8821522
9616422
9636822
9672022
9809522
10629822
10837122
10962522
11053022
11100322
11359322
11567722
11815922
11852422
12441022
12675822
12973422
13160422
13179322
13516622
14251722
14584822
14607222
14997122
15056722
15212222
15263222
15314722
15377022
15584322
15858522
15911122
15978622
16177022
16367322
16470722
16610522
16843522
16857222
17214122
17338122
17845022
17956322
18072122
18263222
18319722
18464622
18743422
18780622
18898122
19149622
19195922
19524922
19540422
19770422
19996422
20392022
20963122
21824222
22037522
22131722
22134322
22150922
22264222
22264822
22283322
22325522
22560222
22578822
22603422
22776422
22843222
22982122
23106022
23143622
23416022
23492822
23518922
23652522
24054822
24069822
24169622
24197722
24476422
10223
505723
511523
2355023
2410823
3745323
3949623
4143423
4162723
4300923
4396123
8260223
8434223
8729323
9036323
9220723
9317123
9424423
9705123
10106023
10881823
11058223
11573223
11578623
11878423
12325423
12561323
12788823
13148923
13442423
13557123
13958223
14835923
14877823
15169523
15472423
15650023
15856223
16225323
16487323
16504923
16553123
17080823
17487223
18193223
18296123
18312723
19112923
19303723
19334723
19348923
19483123
19801423
19981123
20166723
20268823
20522123
20865223
21010023
21144923
21298423
21337323
21501723
21547523
21858123
21999423
22319523
22330223
23069023
23513423
23721723
23839223
23946723
24153623
24158823
24193323
24290023
24476523
17224
58924
1886724
2172424
2186824
2254424
2285524
3999524
4783924
4838024
8500124
8822224
9229224
9520724
9658824
9773424
9856524
9918024
10229924
10578324
10712224
11709524
11773124
11803024
11896124
12447524
12465024
12590824
12639324
13009824
13095624
13113824
13237524
13607324
13652424
14178324
15369024
15376624
15624324
15702624
15750324
16212724
16231724
16241324
16279524
16492724
16869024
17195924
17249524
17592824
17933324
18639924
19483124
19680824
19730224
20271124
20562224
21112924
21211124
21308124
21411224
21428324
21493824
21603124
21777724
21887224
21911424
22051024
22131724
22281524
22464224
22468724
23123024
23319724
23331124
23593924
23779624
24437224
52325
446225
4113825
4495725
4531825
4761925
8638425
8716025
8948625
9887325
9910125
9929525
10081625
10091925
10109825
10620025
10692025
10852425
10864525
11497525
11738625
11958125
12024025
12862925
13180525
13324925
13520325
13675925
13963225
14211325
14640225
14976225
15312025
15395525
15403825
16413625
16565725
16688625
16777825
16796825
17420525
17557025
18022325
18181225
18499425
19010625
19287925
19510125
20099925
20541725
21219725
21317525
21328425
21414125
21418225
21620425
22067425
22195725
22236325
22328625
22810025
22854125
23355025
23529525
23548225
23612325
23700225
23775525
24152925
24283425
24389325
510426
1655926
1761326
2325926
3668326
4547926
8577826
9042426
9541526
9697026
9959026
10694826
10887826
10889326
10909626
11130826
11140026
11676426
11743326
11807626
12119226
12236126
12404226
12646426
12718326
12773626
12942926
13096526
13225126
13652126
13667526
13969926
14113726
14573426
16553126
16730726
16898726
17240826
17544326
17639726
17797826
17937926
18224726
18595626
18684526
19036426
19431326
19642926
19873226
19908226
20374326
20868826
21273026
21476526
21519726
22281326
22328626
22461326
22792426
23007626
23170226
23319626
23372926
23897626
60727
449527
539527
2277527
3627627
3975027
4031627
4147927
4302627
4333327
4787727
4792127
4796727
8139127
8672527
9226127
9295627
9592227
9614527
10431427
10963827
11261927
11856327
12520427
12549127
12661027
12712927
12715827
12728927
12939427
13349327
13610227
14059127
14376327
14515627
14633727
15646527
16186327
16438327
16438827
16934027
17017327
17186627
17595027
17768827
17961927
18189527
18325727
18881727
19047127
19174727
19198927
19251827
19334127
19384227
19472627
19621727
19656727
20136027
20213527
20507527
20780127
20786827
20860627
21191327
21319127
21673127
21822727
21852227
22423527
22523627
22623227
22815627
23144527
23647927
23659227
23793427
23834127
24060927
24282827
24300427
1674428
3699328
4366828
4812428
4821728
8891328
9697028
9837528
9916728
10091928
10249228
10541528
10864728
11272428
11533928
11564128
11565128
11618828
11670428
11702928
11728328
11830828
12190828
12194028
12631528
12690528
12760128
13077428
13169428
13528128
13528228
14038328
14291728
14430628
14583728
14606328
14636628
14869428
15347028
15903528
16693128
16834228
17028828
17129428
17168128
17240828
17295328
17364928
17803128
17859128
18043028
18073328
18304728
18757528
19184728
19349828
19421828
19714928
19944728
19975828
20140828
20335028
20481128
20656228
20821928
21089228
21234228
21328428
21519928
21532428
21546828
21549428
21718828
22023428
22378728
23164428
23477028
23657728
23757228
23787628
24055928
24291828
24310028
2121029
3584729
3586329
4117029
4284529
7703629
8076529
8298429
10168029
10192229
10239129
10440729
10592129
10661129
10698329
10864529
11077829
11228529
11637129
11708429
11719129
11725329
11743329
11790529
11817429
11819729
11852829
12040529
12163629
12202529
12326029
12463229
12607129
12981629
13327529
13526329
13673329
14050229
14159129
14185929
14235529
14314329
14677929
15260929
15353729
15489229
15544629
15591429
15679429
16059729
16358129
16514629
16799029
17042429
17385929
17447829
17725629
17812029
17826029
17880629
17919329
17972929
18042629
18158529
18180229
18333729
18551029
19159729
19267029
19378529
20076929
20514829
20515929
20962229
20994729
21030629
21068329
21069029
21299929
21363529
21406629
21499629
21646229
21699429
21888229
21995229
22037529
22321529
22782929
22811029
23045629
23093529
23153429
23174929
23204429
23235129
23272229
23704529
23735329
23967629
24059229
24231629
24371729
48430
142130
2237530
2244530
3987230
4023130
4032130
4759630
4890330
7682130
7937130
8085030
9584730
9805330
9863530
9910530
10066930
10203430
10372130
10805130
11078530
11113630
11340630
11718230
11805930
12054730
12139130
12200730
12938530
13170630
13477830
13777830
13943530
14115730
14127230
14413130
14695830
14815230
14842530
14843930
15027530
15071030
15175030
15613130
15746830
15856230
15860930
16238630
16282930
16550930
16622430
16997230
18174130
18324230
18481130
18885230
19021530
19833730
19848130
20486630
20730630
21053530
21106530
21150730
21230730
21293830
21463330
21522730
21586430
21758930
21824830
22544530
22726630
22754130
22936130
23286630
23703730
23711030
23730930
23873630
23932730
24037630
24057530
24100030
24164130
24173830
24301830
211431
441831
1783631
2179931
2237931
3842131
4103131
4495531
4836031
4871631
7671431
9155631
9501731
9638331
9658431
10944631
10955031
11146531
11303931
11377531
11721131
12056931
12145731
12262231
13309731
13406431
14526631
14740631
14782231
14976131
15165231
15204831
15252531
15314631
15315431
15358931
15563731
16492531
17038631
17104131
17386631
17595931
17653331
17681631
17806731
17950231
17951731
18094231
18302931
18465131
18583331
18781431
19182731
19207231
19253531
19598931
19929431
20004131
20100731
20381331
20584631
20769631
20856831
20909931
21209331
21249431
21411231
21599631
21627231
21715031
21743731
22012831
22765831
23377731
23578231
24137731
24507731
37232
4274332
4296232
4352832
8357832
8533032
9139732
9517032
9517732
9659632
9869332
10110232
10369632
10372432
10947732
11216132
11257232
11293432
11308832
11393232
11781532
11899632
11932232
12265832
12289632
13041732
13132032
13233732
13925332
14232132
14522932
14911532
15709532
15737332
15858732
16311532
16606132
16893032
17177532
17669432
17711332
17832732
17927632
18092132
18661132
19176732
19186232
20278932
21007532
21496932
21501532
21586132
21664932
21719132
22046932
22074232
22557032
22630332
22745332
22920132
23457732
23993932
24333832
10333
534233
1636833
1932933
4037333
4057533
4803333
4880333
7723733
7823033
9053233
9229433
9667333
9861733
10047133
10362733
10442533
10534733
11230933
11270533
11351833
11360733
11593433
11599733
11604133
11640433
11681233
11745233
11903333
12693133
12706833
13090233
13097033
13156633
13410133
13659233
13779133
13962433
14192233
14366033
14694133
14769833
15236733
15585233
15587433
16447133
16497133
16508433
16515433
16545733
16878533
17298033
17470833
18091533
18191533
19545733
19690733
20249433
20367733
20450833
20481133
20610533
20964333
21263633
21327533
21417233
21613733
21643033
21959133
22182533
22257933
22446333
22461233
22602033
22731433
22768533
22845133
23066933
23367133
23530433
23599433
23700533
24025233
24116733
24286333
1610234
1776834
2161934
2326034
2399334
3537434
3950034
4332334
4805834
4810434
4813534
4851134
8819234
9038434
9554934
9814834
9979634
10469634
10867034
11021334
11298534
11356734
11451134
11810534
11865134
11947134
11962934
12510534
12527534
12619734
12775834
12952534
13044434
13311434
13455334
13528034
13550334
14528634
15091034
15408234
15523034
15734834
15780934
16492034
16591234
16941234
17352634
17389934
18178734
18595034
18794834
18902134
18981734
19010834
19806534
20098434
20318734
20345034
20585934
20993234
21291634
21654534
22146434
22180834
22578334
22732434
22801434
22817334
22822734
22995934
22999134
23183534
23315034
23395034
23419934
23424634
23731634
24454134
20135
1671735
1716835
1853835
3856435
4039135
4066335
4444535
4850135
8855235
9418435
9438935
9568035
9976635
10086535
10246035
10487035
10716235
10851935
11461335
11744035
12981935
13083535
13708135
14251735
14251835
14253035
14360635
14366035
14874835
14995935
15584735
15641735
16771635
16771735
17371835
17438635
17680535
17748435
18523035
19003935
19261535
19657335
19707535
19984835
20226435
20463635
20856035
20999535
21003335
21071935
21414435
21713635
21904835
22201535
22257535
22434635
22691335
22711935
22755235
22854335
23154835
23367835
23401635
23807235
49236
1683736
3580336
4037936
7795936
9239536
9440436
9772336
10245736
10432736
10486436
10581036
10738536
11193436
11500836
11706736
12426836
12447536
12494936
12695236
12943036
12973636
13635436
13744036
14214736
14255536
14329536
14630836
14881336
15189436
15208836
15458936
15564536
15802436
15854736
16142436
16322536
16545736
16729636
16750236
16777236
16802136
16843536
16861236
17061236
17135136
17332136
17428436
17495636
17556736
17598836
17641336
17785336
17811536
19252636
19351336
19677936
19933736
19949836
20226836
20442036
20463636
20470936
20618836
20683536
20762136
20764936
20801536
20984836
21007536
21244736
21328436
21389536
21392736
21586936
21603136
21718736
21721536
21875236
21887036
21966036
21984636
21985736
22004636
22286936
22320836
22321136
22886836
23314236
23473436
23544936
23554936
23651136
23761936
24018736
24117136
24284836
38937
485937
503237
1755837
2344537
2384337
4526737
4765437
4848237
8792937
8821837
9013337
9154437
9350337
9378237
9741437
10026037
10425037
10441837
10518137
10955237
11042037
11242337
11887537
11970937
12440337
12453537
12854937
12901537
13046537
13072837
13158337
13305137
13374337
13410137
13519437
14225137
14802837
14884237
15219737
15653337
15748737
16174337
16749937
16757837
17038037
17079337
17239037
17261537
17294837
18008337
18438937
18658237
18888537
18953237
18970937
19003037
19284837
19776437
19840637
20142637
20442937
20532137
21129337
21432337
21533337
21640837
21796937
21861537
21887337
22324037
22443637
22584737
22719737
22945637
22949937
22950737
23045537
23068237
23121037
23130837
23189237
23340637
23419037
23933837
23935237
24082337
24206437
24290637
12538
34038
67638
524038
525738
1804138
4022238
4806938
8342338
8878638
9136038
9208938
9765838
9808338
9826038
10875238
11255938
11273738
11764338
11811038
11858138
11861938
11966338
12400638
12899238
13301738
13383138
14376638
14759338
14823038
14829038
14938638
15596838
15877738
16195238
16428138
16543238
16784338
16997238
17313438
17945638
17983138
18037238
18142438
18171238
18329038
19438038
19543438
19638538
19873938
20280738
20396438
21158238
21307738
21579638
21603038
21824338
21886238
21950838
22080538
22150438
22333138
22374838
22579038
22652438
22792538
22925538
23067738
24152438
24244038
24545538
439239
456139
1714239
2022339
3540539
3604839
3712439
4339339
4504239
4669939
8430439
8603039
8638739
9755239
9809739
10275439
10842339
10944539
11054939
11209639
11242939
11333839
11453739
12200039
13450739
13777839
14064239
14618139
14907639
15203539
15711039
15841539
16211439
16230939
16407439
16488839
16651939
16689639
16791339
16841239
16908439
17218839
17695939
17744439
17771239
17852439
17862239
18222139
18245739
18657539
19010939
19018939
19256739
19362039
19592639
19752239
19765539
19790339
19897339
19897439
20087239
20237339
20306439
20492939
20527639
20576639
20643239
20684039
21342339
21566539
21584739
21874839
21909139
21925739
21954039
22431339
22999139
23017839
23022239
23445039
23458639
23651339
23651439
23740839
23788139
24289139
55840
137640
1761340
2384340
4112840
4378040
4534040
7730840
7938540
9741440
9892540
9903340
10151940
10233240
10239940
10615140
10687840
10851740
10979040
11060640
11248540
11271540
11497940
11768140
11813540
12210640
12265440
12777140
13470740
13635140
13665840
14244240
14294940
14376540
14431340
14544040
14585040
14847140
15159840
15229940
15485840
15971540
16100440
17047440
17487340
17549440
17744440
18099440
18130740
18201040
18682040
18872340
19001240
19099940
19277740
19361340
19590940
19599040
20076840
20260840
20290940
20307540
20448440
20528340
20963140
21235940
21356640
21484440
21793540
21895440
21963640
22186140
22274840
22391440
22434640
22602040
22602640
23166540
23549240
41041
426441
510641
1613141
3906941
4763641
8713241
9883741
9903341
9935841
10733741
11010141
11015641
11191541
11202141
11696741
11805341
11864941
12183941
12337041
13165141
13566041
13952541
14029541
14146041
14195741
14363541
14684941
14882741
15071141
15099841
15128341
15510941
15628241
15681341
16024741
16601641
16653341
16689441
16879841
16936541
17394141
17446341
17458741
17766541
17839541
18892841
19039541
19049141
19857141
20347841
20980141
21261241
21266641
21966341
22131741
22182541
22583141
23043041
23338541
23564541
23626441
23751241
24237741
1768042
1875442
4037342
4118842
4157242
4786642
8497342
9524842
9578642
9743242
9759742
9851742
10472342
10626842
10641942
10783742
10869042
11074742
11298542
11814542
11815142
12022042
12111642
12438542
12880642
13648842
13680642
13781442
14092942
14154742
14602042
14705542
14767942
14883242
14883342
15205742
16067342
16202842
16688642
16850942
16873142
17173842
17494542
17690042
18011342
18048842
18147242
18370842
18564342
18806342
19079142
19115042
19122242
19200042
19481542
20259542
20480242
20480542
20556542
20564342
21153242
21180242
21568442
21774042
21934942
22431242
22558542
23212542
23377742
24120442
24252442
223543
2160043
4292143
4418643
7859143
8875843
9060243
9104843
9299643
9402643
9457443
9661143
9910143
10445943
10563943
10911643
10946243
10973843
11245243
11487743
11560643
11706743
12470643
12551043
12609443
13575543
14244243
14514243
14725243
14929043
15014743
15135143
15230343
15453343
15476843
15522743
15601043
15750343
15901943
16215543
16381043
16415543
16447143
16906243
16940843
17082343
17438643
17632943
17636343
17998843
18029043
18591943
18921143
19456443
19525343
19667143
19696143
19752243
19807843
19867843
20475643
20506243
20510043
20933743
20949143
21263743
21271543
21351543
21367343
21786443
21843243
21984643
22021943
22203943
22280443
22336043
22364943
22872643
22952943
23604543
23933143
23940843
23941443
16044
65344
187244
1829644
3768544
3891844
3892544
4148444
4846944
4881244
8400344
9576444
9585744
9706344
9728844
9862744
9906144
10303644
10613944
10622344
10900344
11765844
11858644
11999844
12430844
12614544
13360744
13566044
13659044
13735144
14373744
14528544
14643744
14991744
15119644
15150644
15483944
16403644
16571144
17249444
17327644
18124644
18943544
18981744
19693344
20135444
20229344
20269044
20274044
20327444
20601644
21249744
21331344
21603144
21821744
21990944
22018244
22258844
22440544
23402044
23452044
23491244
23731644
23732444
24056144
24347544
505745
524445
1600945
3662345
3748545
3827345
3983045
4110145
4800045
4803445
4866145
8288245
9077145
9575345
9960145
10054345
10106345
10269645
10495745
10844245
10891345
10997145
11021545
11203645
11453145
11682045
11887045
11986545
11999845
12182945
12319445
12335445
12426845
12690645
12960945
13404245
13517245
14007445
14033645
14402345
14638345
14717945
14780145
15331745
15543245
16045845
16305745
16858945
17047145
17051345
17079745
17354545
17464645
17626945
17700145
18200945
18862145
19217045
19284645
19383845
19400245
19661445
19825145
20012945
20127745
20258845
20536645
20608145
20761845
21250745
21457245
21815745
22300145
22304545
22464445
22515045
23032245
23214545
23690145
23716145
23880045
23886445
23897045
24011845
24090145
24211745
24440045
32546
49646
535546
4792946
7988046
8431546
9452146
9483346
9516046
9523846
9961946
10454346
10518646
10541746
10894446
10959846
11126446
11274846
11497346
11852046
11896446
11981146
12140546
12308046
12404146
12919746
14110646
14182746
14269346
14406246
14475746
14712546
14814146
14860546
14874646
15074146
15473546
15608446
15653146
15936646
16710046
16827346
17042946
17125746
17453146
17574146
17695546
17751446
17855346
17866746
18922146
19425346
19670446
19833646
20102846
20947846
21298446
21423446
21443646
21724746
22130546
22581846
22614546
22631546
22727346
22861046
23149746
23652446
23783246
24434746
522147
2278447
3527247
4391147
4769647
4837947
4856347
8508747
9403347
9870047
10407447
10430347
10571847
10624947
10983147
11013047
11112647
11285647
11294247
11558947
11757247
11864847
12399547
12535347
12564647
12588447
12618947
12740347
12883547
13073747
13364147
13445347
13458447
13535847
13616147
13652147
14017747
14144847
14293747
14767447
15013947
15933047
16165347
16719347
16890347
17074047
17333847
17642047
17671447
17697247
17754247
18114647
18178847
18207147
18361547
18418147
18603447
18749547
18830947
19209747
19363847
19480547
20154847
20467147
20710547
20856047
20955647
21294647
21491847
22209947
23019547
23108647
23145247
23189247
23260247
23342547
23576347
23666147
188248
1758548
2108148
3820248
4066548
4285348
9328948
9342248
9699948
10038348
10543748
10915348
11153748
11271148
12308248
12856948
12868548
13344348
13464248
13684848
14158648
14202748
14815348
14880648
15196048
15389748
15401148
15901948
16180648
16371648
16401248
16715848
16832548
16934048
17199648
17239148
17248248
17326548
17683748
17847148
18116848
18472448
18885148
18959348
19258248
19261248
19490348
19528548
19599648
19659148
19824848
19903848
19930848
20260448
20332348
20375048
20467848
20480548
20680448
21025948
21167848
21227148
21593448
21613448
21898248
22300148
22587148
23007648
23089248
23192248
23195448
23226148
24136448
24183548
59549
449149
451949
1855049
2174549
2189649
2326449
2485449
3511649
4479549
4760549
4824949
8449149
8505849
8634649
8704349
9509349
9977649
10063749
10306249
10369449
11011249
11246049
11286349
11359349
11451949
11502049
11570149
11958349
12200149
12466949
13375249
13641649
13660849
13681449
14198249
14283849
14443949
14725649
14894749
15174949
15208849
15330949
15334649
15643549
16060449
16060849
16202249
16448049
16489749
16537849
16542149
16653349
16719949
16875549
17186249
17249549
17303649
17487249
17858849
18122949
18135349
18372749
18747249
18939549
19177149
19385049
20328449
20359049
20889849
21014449
21116549
21208549
21363449
21397149
21549449
21613149
22923349
23077149
23138449
23227949
23260249
23292749
23337749
23492549
23650949
23711149
24000349
24052549
1754450
3959850
4843550
4858850
8020650
8150950
8492850
9107350
9325750
9337650
9461850
9643750
9941050
10261050
10540850
10548250
11092750
11305050
11482350
11784750
12112550
12144650
12717050
12731450
12918250
12929450
14198750
14257150
14906850
15351550
15354050
15592850
15765850
15823850
15856450
16037450
16279550
16389150
16457050
16587750
16865950
17248750
17639750
17829850
18072750
18122750
18294950
18456050
18466950
19091850
19120450
19246850
19252550
19317750
19332150
19966450
20231850
20548450
20762450
21002050
21010950
21501650
21907150
22023450
22031250
22152150
22256850
22539750
22731850
22819150
22882450
23065350
23132850
23481550
23803750
23870650
24071750
34851
1822051
2252951
3947151
4403751
4453951
8239451
9595651
9727851
10305951
11048451
11120051
11275951
11916851
12029051
12234951
12450251
12460351
12470151
12475051
12479751
12868951
12900251
13476551
13479451
13578751
13607551
13942651
13943451
14020851
14545451
14590051
14894151
14894651
15151251
15584951
15765651
15794251
16014651
16339951
16404851
17135351
17325351
17481651
17641951
17786651
17799951
17849451
18021251
18101051
18860551
18975451
19247951
19481251
19846651
20047751
20144351
20173751
20507251
20949551
20994551
21029751
21189151
21668151
21746251
21772751
21865551
21874951
21937551
21975151
22039351
22047451
22061051
22161651
22265451
22478051
22942951
23451751
23475251
23490351
23523551
23657351
23756051
23814051
24011451
24121851
24254251
24271351
24382751
23052
36452
211452
1790152
2097852
9281152
9330752
10003152
10985652
11236552
11363452
11744652
12191852
12324652
12340452
12561452
12860252
12882652
13187052
13508052
13636152
13786752
14041852
14098852
14219452
14369652
14840852
15108452
15331452
15876852
15879052
16168452
16201152
16610952
16824052
17764452
17933252
18016652
18226152
18237152
19325152
19463652
19496252
20256852
20485352
20564752
20604652
20684652
20764052
20904752
21262252
21324052
21474552
21746452
21854852
22010252
22223652
22258352
22287952
22589252
22616152
23091052
23356152
23364452
23787652
24000552
24163952
24210752
24363652
38553
469753
500053
1669353
1679753
1748753
2410753
3857853
3913353
7836453
8199653
8258453
8291853
8674353
8713853
8715353
9460153
10064553
10156753
10454453
10584353
10717053
10809753
10877053
11037053
11136453
11489353
11592253
11724553
11810853
12055653
12201353
12439853
12579753
12717153
13050553
13200653
13423153
13507353
13662153
13742053
14198453
14785453
14845153
14976953
15335553
15376853
15518053
15623553
15795753
15983253
16871353
17074053
17586253
17836453
17937853
17958153
18207753
18755853
19249553
19379253
19464953
19491953
19672153
19676253
19781953
19877553
20090553
20521653
20561753
20636753
21275753
21285853
21434453
21662153
21681953
21772753
21905053
21976653
22078053
22208353
22263653
22296053
22458753
23083053
23095453
23282853
23288153
23371653
23967253
24065253
24365453
462154
546054
2103554
2487754
4272754
4352554
4657254
4837454
9214854
9585854
9863754
9980254
10393954
10583854
10900154
11092854
11099354
11457654
11682154
11860154
11885454
12559054
12578454
12879554
12898854
13045254
13255354
14362554
14664354
14890054
15043754
15329654
15587754
15847454
16317754
16394554
16447254
16588354
16759554
16910654
16940954
17078854
17307054
17316354
17340754
17341254
17731654
18190854
18288754
18884154
19309854
19802754
20092554
20268354
20390954
20553854
20681754
20857054
20875754
20896254
20905354
21132554
22008154
22010254
22178954
22349854
22684754
23323054
23365754
23493354
23550754
23770054
24005654
24157954
24206354
24363554
11655
55055
1627555
1822355
1926655
2265355
3975255
7619555
7975455
8229955
8838255
9577155
10011755
10292855
10296055
10494155
10663655
11264355
11580255
11888055
11906155
12217555
12307955
12315155
12346055
12395155
12512655
13678855
13985755
14254755
14440955
14617355
14835555
15184755
15355655
15360455
15659155
15760755
15899855
15951855
15984955
16102755
16391055
16656555
16917755
17542955
18134855
18172155
18788855
18907855
19466955
19643155
19763055
19903055
19980555
20202455
20298055
20348855
20467655
20869355
21127755
21551155
21698455
22104655
22223355
22292255
22527555
22539055
22632255
22816055
23292655
23373155
23518055
23555955
23678355
23730255
23846255
23851855
24065755
24152555
24166455
24332055
24469055
24481655
58756
456456
523956
2166656
2268256
2316756
4359456
4868256
7753656
8575156
9352156
9403056
9815256
9837856
9905156
9917956
10271256
10447556
10508356
10946656
11541256
11596656
11810456
11876256
11998256
12310556
13617056
13967556
14255956
14616256
14733856
15211156
15792056
16404556
16442556
16582556
16716156
16755156
16866456
16911156
16938356
17551456
17680856
18207856
18240056
18595056
19034156
19248556
19265656
19299856
19385156
19469656
19917356
19981056
20533856
20660456
21048056
21057056
21183156
21527156
21682656
22090556
22468556
22504756
22597556
22722256
22735056
22903056
23666256
23701456
23746356
23796856
23924756
24172456
30657
1673957
3544957
4118657
8861657
9219157
9406957
9742657
9788157
9827557
9895657
9905857
10067057
10304557
10408557
10442557
10968857
11061057
11363557
11665157
11798657
11980757
12202857
12902057
13236857
13657457
13939757
14032857
14243757
14614757
14809557
16040157
16824057
16996057
17051157
17067257
17391457
17693557
17742957
17822657
18005957
18079457
18265157
18471957
18788857
19360857
19512257
20084457
20349257
20367357
20585757
20916857
21097057
21108757
21392157
21619057
21651157
21663357
21681957
21821957
21838757
22134357
22294657
22407357
22421757
22431057
22500957
23282857
23372857
23402257
23790657
24104457
24252657
24291557
33358
467758
1606958
2249058
2266558
2364958
2488658
3916258
4425558
4816358
8210258
8676958
9228758
9278458
9925858
9945158
10074258
10842358
10904058
10910058
11187658
11215258
11313458
11640358
11853658
11856758
12043958
12059458
13310358
13367458
14255258
14676558
14961158
14997758
15184358
15284858
15359658
15544958
15633758
15781258
15893958
16390558
16426358
16563958
16899658
17153458
17634558
17708658
18216858
19044158
19163758
19292158
19325358
19640558
20199158
20299258
20605258
20640258
21828658
22031658
22161258
22221858
22300458
22437758
22754858
23044158
23140058
23152458
23183158
23292758
23293858
23416058
23646858
23786358
1746259
3884659
4771659
4907559
9829159
9896959
10238559
10469259
10567159
10957059
11023659
11099559
11522259
11663859
11822559
11827559
12144659
12183959
12249859
12305259
12460059
12682259
12759859
13053359
13498759
14110559
14185159
14517459
14806459
15329759
15729959
16229859
16334359
16648559
16753959
17213959
17307959
17552159
17866359
18101859
18237459
18947359
19066359
19075459
19289259
19398259
19497059
19507459
19576659
19763159
20012759
20071559
20102459
20277359
20360259
20367059
20547159
20659059
20816459
21028659
21253759
21400559
21836759
21873159
21911859
21998259
22008959
22132759
22178559
22332259
22408859
22754859
22832659
23055759
23225759
23448659
24022059
507760
1743960
3724360
4095960
4515260
4814360
4832660
7657560
7874360
8091560
8092060
8186160
8421960
9391560
9534060
9876160
10592060
11056160
11148260
11199860
11216760
11298560
11299060
11307060
11368960
11478160
11546560
11815360
11823860
11913460
12212660
12254560
12389260
12411460
12458760
12873260
13023560
13568860
14381860
14388560
14649260
14713460
14997760
15036560
15148160
15426460
15674360
15745660
16314860
16483260
16532360
16640760
16997060
17388860
17495960
17675660
17683760
17859260
17931460
17997360
18359460
19192860
19195260
19460060
20169960
20245760
20389860
20633360
20912460
21134360
21180460
21772960
21843960
21868060
21900960
22015660
22079860
22104660
22645660
22722560
22915360
23083960
23142560
23317760
23441160
23575460
24005660
24164760
1743461
1814261
2172161
2229861
3657861
3959661
3984461
4791361
4812761
4815761
4844361
8527161
8713461
9321261
9807361
9917561
10009861
10013661
10328761
10705661
10720561
10744261
10944561
11284261
11311961
11360961
11478461
11548661
11950161
12043761
12738461
12780661
12782661
12796861
13159861
13518061
13679461
13928561
14032961
14093461
14117261
14305561
14327961
14801961
15784561
16012561
16180661
16348461
16518561
16770661
16939761
17011161
17239361
17331161
17405961
17643361
17672561
17711961
18047661
18079461
19292761
19310461
19433061
19628261
19734061
19755761
19843161
19888861
20072661
20247461
20409261
20539961
20659061
20734461
21427561
21750961
22022661
22223861
22264461
22383261
22485661
22692161
22976261
23465761
23530061
23598561
23619161
23625761
23868161
24011761
24122661
24144661
24395761
13362
57562
183762
1672062
2273462
4771262
8322962
9021062
9204162
9527162
9565262
9677262
9680862
9752762
9876562
10570862
10660062
11299562
11716662
11820762
11933162
12235662
12370762
12511762
12580562
12728062
12919862
13010862
14500562
14614962
14740862
14751262
14961162
15065262
15162162
15606062
15653662
15727462
15842162
16008662
16338762
16884162
17245962
17374962
18094462
18187462
18307162
18440362
18605762
18878262
19399062
19467762
19787762
20690862
20736862
20766862
20967962
21006062
21028162
21139362
21180462
21249562
21706062
21770062
21842862
22056162
22080562
22204962
22551962
22614762
22864462
23200262
23475862
23555362
23762062
23770062
23857262
23902562
24193762
24197962
507863
1809563
2164263
4065363
4098563
4739263
4768263
4796263
4822363
9518063
9752763
9908363
9930463
9930663
9979263
10361463
10628063
10931763
11016163
11213163
11245563
11247763
11339463
11368563
11965863
12192363
12335463
12409463
12506463
12618663
12780363
13121063
13158663
13455563
13508863
13679063
14173963
14218263
14696363
14880963
15005963
15036463
15181863
15399163
15513463
15793463
15900763
16296663
16611063
16794963
17009163
17713263
17920563
18172463
18307163
18364763
18566263
19033763
19322263
19872863
19929863
19966663
20230763
20316363
20479563
21130663
21258263
21300263
21626263
21859963
21983563
22174763
22577163
22645663
22908963
23094863
23814063
24136763
24137563
24169563
24226563
454164
2227764
3614164
4184464
4548764
4743764
8404364
8639864
8773964
8887164
9555464
9697864
9743164
10390664
10829964
11112664
11593764
11668564
11698364
11718764
11817964
12118964
12135264
12266764
13081764
13277864
13461664
13671064
13707964
14338164
14722664
15019364
15199764
15501664
15511864
15542664
16032364
16143364
16560264
16594264
16706464
16997564
17007464
17013464
17026964
17035864
17128164
17252964
17737364
17850564
18122364
18426264
18694364
19359764
19456764
19917964
20467464
20764064
21132564
21461764
21621064
21984564
22216864
22325264
23049164
23066664
23121764
23318664
23808264
23945564
23955164
24161864
24201264
24223164
24264264
41265
1677565
2142365
4020465
4067965
4192565
4344965
4464465
4538365
4798665
8349665
8407465
8947465
9051565
9382865
9528265
9533965
9788365
10301265
10835965
10950465
11030565
11035465
11245565
11282665
11324765
11805465
11937565
12216465
12242765
12288365
12437565
12868665
13009765
13143365
13248465
13516165
13607665
14003265
14195665
14375665
14700765
14717665
14802865
14827065
15113665
15184665
15726165
16711665
16720565
17052765
17344865
17434965
17529265
17670565
17684165
17915165
17933265
18034065
18113065
18872165
19167865
19178165
19337965
19653065
20341965
20524065
20932265
21018265
21034065
21183865
21314465
21856865
22291165
22790065
22983465
23075765
23171165
23815165
23891765
24028565
24210765
528866
2147266
2294966
2319566
4360466
7745166
7842766
8085766
8316866
8400766
9273466
9299666
9482466
10020966
10615066
10666566
10770466
10830166
11047066
11163366
11234066
11357466
11478466
11640066
11671166
11838866
12001766
12306966
12326466
12589966
12601466
12638866
12883166
13170366
13526066
13570466
13986666
15124866
15191466
15203366
15553566
15598166
15781266
15809266
16447066
16711466
16751366
17128966
18020966
18424566
18871466
19233066
19266766
19656466
19885366
20152566
20570466
20684166
21252766
21426566
21777766
22202766
23278066
23503866
23658166
23947566
23967266
24136866
24166466
24200466
24254266
24257866
10567
14067
24867
49667
1656967
2064167
2311967
4475667
4849967
8112267
8120367
8130867
8392567
8667867
8818667
8893667
9632067
9929767
9930367
10517167
10643667
10647667
11234067
11329167
12092567
12120767
12387767
12406967
12453467
12941467
13032467
13052667
13506267
13652167
13928667
14103067
14218167
14465067
14527067
14608067
14645267
15292567
15824967
16407367
16611067
16737767
16767067
16830767
17201767
17303867
17316667
17554367
17792367
17957767
17976867
18092567
18251267
18438367
18793967
18866567
19132767
19201967
19380367
19824667
19993067
20586667
20630067
20684867
20839467
20998967
21285867
21506767
21522267
21619967
21725567
22112567
22294267
22366467
22412367
23306267
23465167
23758567
68668
485868
1824368
3793768
4107668
4114768
4273868
4675768
7740468
9145668
9548368
9613168
9944468
10579568
10658068
10667668
10696168
10738268
10876568
11009668
11249668
11271468
11535668
11637668
11817168
11888268
11920368
13075368
14006468
14017268
14031668
14574468
14587568
14921068
15464268
15838868
16087068
16170168
16262268
16572368
16591068
16932868
17009168
17044968
17197668
17291668
17296068
17417268
17643268
17708468
17719068
17956168
18441568
18981468
19023668
19113868
19265868
19500668
19542568
19623868
19951168
19977468
20184168
20291968
20390068
20447968
20632268
21009268
21152468
21250668
21471268
21654968
21887468
21934968
22014868
22550468
22559868
23005168
23154368
23488968
23698268
23813868
23926268
23970168
24044268
24394068
451669
1793369
4065369
4300369
4462469
4867469
7744169
8111669
8443569
9153569
9393369
9574769
9661969
9677069
9677269
9822069
9966169
10039269
10534269
11217369
11281169
11312169
11378169
11536369
11639569
12127369
12430769
12465269
12591269
12726969
12942969
13100469
13530369
13575869
14098869
14146269
14606469
15006269
15071769
15176969
15473769
15564869
15618969
15689569
16023769
16768169
16912369
16920469
17088369
17301869
17355669
17500569
17753369
17791469
17880269
17915169
17958369
18312669
18385069
18950569
18991269
19003669
19024269
19338269
19485669
20090669
20168369
20402469
20883169
20894469
21026369
21259569
21492269
21661869
21840969
22257769
23658169
23720469
23805769
23815169
469170
2345870
4515870
8538970
8990170
9512370
9664470
10066170
10534170
10832870
10894770
10962870
11009470
11065670
11564770
11743170
11785370
11787470
11880670
12272770
12404370
12470770
12613870
12917770
12960170
13097770
13149470
13388070
13422470
13567470
13659570
14050470
14255870
15297270
15416970
15463770
15984170
16068270
16451770
16690970
16778370
17058670
17338170
17354670
17589870
17727070
17831070
17961870
18123870
18161670
18629370
18996170
19412870
19758670
19892570
20092270
20128970
20280270
20313970
20396970
20457970
20806670
20894070
21524670
21898970
22186070
22332670
22701870
22894770
23340870
23405270
23443470
23623470
23633870
23773270
23966170
24037870
24219370
24409770
337771
534671
1661371
4097671
4297371
7743571
8436971
8516771
9259471
9615471
10715871
10738671
10843471
10895571
11324571
11533571
11694371
11761771
11907271
12116171
12530671
13423271
14317871
15029071
15184471
15655171
15725571
15984771
16066671
16768171
17384671
17799971
17844871
17851871
17870971
17904271
17984371
18074371
18216971
18257071
18897171
19289271
19545771
20137971
20467671
20632271
20902871
20927971
21267671
21277871
21489071
21751671
22125471
22251571
22684571
22806371
22999971
23020971
23208771
23292671
23575471
23721571
23853771
23881971
23896071
23897071
24164371
24283971
36872
481272
2029072
2275472
4385572
4416772
4439672
8241872
8415872
8774572
9278472
9400472
9442372
9678172
9993172
10238872
10506572
10603572
11354672
11385072
11456172
12120972
12163372
12216372
12336272
12480572
12589272
13040672
13782972
14248172
14327972
15381272
15674172
16388072
16509272
16578872
16777172
16832172
17420272
17446572
17857472
17916472
18023572
18872372
18912072
18921172
18948172
19053672
19251772
19472972
19686072
19790472
20291572
20510772
20619972
20669172
20839472
21106772
21527972
21531872
21709772
21905572
21910672
21965172
22134372
22202772
22976572
23087172
23109272
23110872
23123072
23158572
23225372
23488772
23655872
23661372
23703472
23774872
23824172
23840172
24395772
457673
557073
1602273
1649073
2283573
4071273
4073273
4479273
4789773
4818473
8623373
9438573
9468273
9517673
9811373
9912673
10252173
10448573
10773273
11229573
11313573
11384373
11805173
11896173
12450273
12504973
12556473
12679073
13082873
13172473
13457873
14068673
14333873
15042373
15281173
15674073
15889873
16010773
16033273
16437673
16468173
16591473
16610473
16768173
17026773
17459073
18498773
18755373
19101673
19114173
19200373
19329473
19596973
20146473
20329473
20539673
20728973
21089573
21164973
21262673
21390973
21578473
21741473
22131073
22247073
22328173
22367273
22404073
22647973
23158273
23218073
23342373
23399573
23513073
23687273
23690573
24095473
24219373
25174
53274
437774
1677074
1874474
1987974
2116974
3540074
3895574
4407974
7743474
8728074
9733374
9829574
9869774
10345974
10484574
10869774
10939774
10939974
11152274
11335874
11458074
11682374
11920874
12270974
13098974
13516974
13618074
13753174
14031274
14233174
14372474
14758374
15444474
15484174
15575574
15599174
15645074
16214874
16623274
16640574
16680074
16906174
17254974
17266474
17302374
17347574
18015774
18133174
18143674
18589674
19509674
19598874
19599974
20082474
20112274
20728174
20910574
21234574
21276774
21307074
21317974
21365674
21712274
21889274
21919074
21943574
22046374
22205574
22325974
22468574
23152474
23310474
23518574
23787374
23904274
24021474
24210474
24253174
24257674
11875
1983275
3650175
3890175
3960975
4190175
7622375
7740875
7800175
8034775
8482875
9210375
9374575
9392275
9509975
10543975
10957475
11210975
11512275
11710175
11804875
12017875
12054675
12138275
12235875
12827675
13327375
14642975
14654575
15166175
15292675
15772375
16177775
16545275
17021675
17116275
17346975
17903975
18011875
18061975
18222175
18464775
18872175
19195275
19381575
19682075
19909375
20383275
20716175
20839475
20904275
20978675
21038675
21115675
21244175
21501575
21612675
21662175
21734375
21784775
22028575
22060675
22128775
22224975
22420175
22437275
22528475
22632575
23087075
23213475
23328775
23473475
23529575
23530075
23690575
24017075
24209075
24394275
470576
549576
3916776
4896176
7954976
8316876
8482676
9278476
9578276
9699876
9774476
10081276
10213276
10450576
10534576
10880176
10984876
11205876
11210776
11265376
12118576
12428876
12438276
12630376
12685776
12971276
13478476
13609676
13649476
13707676
14144876
14240276
14708576
14725176
14727276
14785076
14833576
14894176
15312076
15544976
15691376
15746976
16244176
16496676
16912976
17144276
17162476
17228876
17474876
17663176
17838576
17943576
18122776
18210776
18946276
19020076
19066976
19158776
19189476
19808776
19818676
19935876
20090976
20328776
20515176
20531576
21032976
21046376
21048276
21468176
21926076
22587676
23732876
23815776
24061976
24233376
24253276
24294176
2100077
3538777
3742877
3914377
4850877
7830977
7842777
7859877
8227477
8528277
9226577
9337977
9389677
9448977
9659877
9788377
10043477
10213777
10570377
10666977
10866977
11094677
11146377
12022977
12429877
12439977
12529577
12532477
12591477
12886877
13007277
13413777
13446877
14031977
14529177
14773477
15430777
15732177
16195077
16241377
16498077
16611077
16882777
17561577
17811577
17866477
17869777
18024277
18335477
18626677
19033677
19115977
19242277
19466577
19818277
20277777
20365877
20522877
20968377
21209477
21423377
21426377
21482077
21941577
22108277
22223077
22389277
22502177
22846477
22878277
22915577
23416077
23417677
23564377
23683677
23686677
23782577
24069677
1632278
1656778
3739378
4158478
7741878
8587778
9309478
9327078
9945978
10865178
11332578
11376878
11619578
11710478
11879778
12389678
13223578
13289678
13376078
13381778
13609578
14524578
14547378
14888278
14955878
15290078
15320878
15474778
15539978
15740578
15882078
15888478
16283478
16404478
16659378
17186178
17364078
17639478
17826878
18012178
18222878
18896878
19700278
19853478
19987978
20097478
20485078
20515178
20530278
20823078
20930878
20978378
21007378
21180478
21358278
21759378
21868078
22151578
22976578
23195578
23558578
23752178
24256578
24389678
24398978
38279
437579
487379
536879
2118679
2305779
3674479
3981379
4015779
4123279
7593379
7709379
7740279
8468779
8527179
8717179
8762679
8946579
9214279
10082979
10101179
10550379
11228079
11249779
11278379
11382279
11565379
11735179
11975979
12249779
12564879
13073779
13297879
13456479
14079279
14179279
14196079
14382879
14619179
14890179
15007379
15282579
15643979
15781279
15838179
15984979
16065279
16426279
16523179
16821479
17039179
17121679
17437879
17642379
17893179
18379679
18429579
18558779
18609079
18902479
18979079
19239379
19341679
19354679
19741779
19964379
20129679
20318979
20550179
20876679
20878479
21081679
21109079
21427779
21473579
21549579
21576379
21985979
22300779
22347179
22467979
22765379
22917379
23293879
23321779
23758279
23762079
23787579
23817779
23929679
24081379
24401879
20280
23980
61880
153780
510680
522580
534580
2040280
2258680
3944180
4300180
4656580
7665580
8401580
9129980
9743580
10007680
10082280
10317880
10572180
10861280
11129480
11293180
11389780
11390080
11487080
11570380
11601280
11635380
11694780
11836680
12107580
12233980
12429780
12577180
12638880
12772680
13102580
13305880
13611180
13708680
13732880
14264780
14293880
14492880
14552180
14948880
15276480
15484680
16132080
16302880
16448880
16552780
16912180
16912980
17149780
17277480
17452280
17677880
17814980
18054980
18185080
18326580
18622580
19167680
19295880
19667480
19746180
19755980
20105080
20138380
20321480
20909580
21038680
21604180
22190780
22238080
22734480
22883180
23157280
23517780
23730280
23758580
23878480
24240780
24272880
2288781
4353081
8299081
8322981
8429281
8522881
8697481
8759081
9142181
9207181
9441481
9707881
10203581
10249481
10454081
10969381
11027981
11127581
11220181
11221481
11632881
12145581
12206981
12445181
12492581
13075081
13637181
13727481
14483381
14563781
14880981
14948881
15079081
15131681
15566581
15702581
15785881
15800981
15813181
16104881
16471181
16780281
17733881
18247981
18685981
18789981
19008681
19510581
19899181
20367381
20504581
20631481
20870681
21001781
21047781
21749681
21872481
21888581
22254181
22261681
22437581
22630081
23404281
23501781
23944981
24037681
453882
532782
1890182
3653682
4218382
8041082
9009382
9510882
10018182
10306482
10555482
11104882
11866082
11895282
12352882
13017582
13088782
13978482
15147382
15226182
15612382
15738182
16276982
16372482
16483282
17026082
17150682
17348282
17374982
17631982
17881682
17916482
17997482
19209782
19695382
19968182
20082582
20318682
20478482
21292782
21296382
21658882
21772282
21880782
22109482
22132582
22182482
22182582
23087082
23323082
23441282
23458582
23493182
10283
10783
30383
52883
451883
1635983
2167383
3554483
3590183
3999083
4352083
4420283
4822483
8195683
8878783
9050583
9417883
9438583
9478783
9676683
9773983
10249883
10707683
10797383
11340183
11369383
11467483
11999283
12494283
12566883
13084383
13377183
13754683
14529383
14536083
14705283
14778383
14843883
15119883
15902683
16303383
16592583
16718183
17039583
17141783
17269783
17285583
17318483
17430683
17726983
17866283
17926183
18185483
18207483
18455883
18974683
19434483
19636083
19659783
20273883
20610883
21254483
21301083
21323283
21482483
21825283
22155083
22623283
22749083
23021983
23254383
23255383
23600283
23714183
23751783
23965883
24178583
24542783
37484
506484
528384
1640984
1663384
2038684
2247484
3782684
4304184
4343184
4831884
8053284
8715684
8975684
9444484
10571284
10694884
10699684
10783984
10828784
11061084
11100984
11295684
11363984
11481884
11933084
12302184
12485584
12576884
12714684
12863584
13350484
13956484
14158084
14748684
15171984
15304484
15374884
15400284
15739584
16256584
16322984
16359084
16445684
16591584
16636184
17612884
17746084
17914484
18075184
18838184
19288684
19643984
19767184
19775584
20834084
20904284
20922884
21037484
21219684
21358284
21545984
21627084
21661584
21731184
21940284
22108684
22238084
22559884
22573484
23165184
23266484
23395084
23493184
23582884
24121084
24217284
10185
10585
11985
58085
1620085
1749385
2398985
2408185
3576685
3857785
3974785
4021185
4142185
4587885
4754985
8129085
8420385
8733985
9391585
9586985
9680885
9682285
9774485
9775885
9991685
10836985
10955485
11108885
11133185
11274885
11364985
11385885
11708785
11814685
11866785
11946185
12018385
12138985
12393585
12666385
13016185
13147785
13529885
13988285
14520585
15324385
15883185
16214485
16586185
16670985
17061385
17559985
17771885
17809485
18008285
19068585
19417885
19418085
19771585
19940485
20268685
20352885
20485685
20512485
21056185
21226885
21234485
21598685
22134385
22194685
22437285
22623985
22730785
22847085
22976585
22987085
23090285
23148885
23415985
23635585
23813885
23815185
23855485
11386
152186
489786
501586
1669286
3724386
4291686
4777486
4827686
4888286
8406786
9220086
9533586
9896986
10063886
10204486
10701486
10852086
10955286
10991386
11236186
11299686
11339386
11483286
11556486
11801486
11847586
12302086
12442586
12719386
12945786
13000486
14389486
14759786
14914986
15010886
15186486
15250886
15838186
15857186
15894786
16137286
16326486
16465286
16805286
16823486
17247286
17713586
17920286
17933286
17937886
18036286
18047386
18421486
18434886
19092686
19256586
19352886
19485486
19488486
19500986
19509586
19789186
20092586
20614886
20684786
20791686
20914386
21178186
21352286
21365686
21584086
21715486
21909586
22015686
22068786
22168986
22780086
22977186
23096086
23142786
23264286
23303386
23367386
23370286
23481686
23625586
23713586
23870886
24037086
24080886
24244386
24253986
10387
480187
500887
503487
528687
1674387
1726687
2238887
3695987
3943187
4283687
4490987
4760287
8159587
9339687
10080187
10392787
11455887
12400887
12617287
12643987
12738887
12860687
12909787
13236187
13377187
13452387
13472087
13640787
13673687
13970187
14019287
14065687
14735487
15583487
15639587
15680387
15728387
15930587
15952887
16077987
16585887
16640587
16735387
16758387
17021287
17481487
17576787
17984987
18121287
18787187
18907887
19330687
19332287
19386387
19517787
19824287
20138387
20149787
20183687
20735387
20750887
20784987
21062687
21137187
21245987
21315687
21579887
21646787
21837787
22161687
22191487
22602387
23085287
23238887
23393587
23456687
23524487
23689887
24011787
24210487
24394087
10288
460788
534488
3999088
4182388
4191188
4514688
4860388
9008488
9081288
9264888
9327588
10106488
10715888
10860988
11014188
11114088
11245788
11307688
11561288
11779288
11806188
11936088
12030688
12190688
12282988
12306788
12536688
12887388
12935188
13033588
13050388
13097988
13223388
13233488
13237088
13239088
14156188
14217388
14344288
14617988
14751888
15391888
16233488
16448888
16732188
16879888
16890088
17218088
17280288
17365788
17556288
17730688
17952288
18054288
18121188
18121488
18168688
18899088
18946188
19034888
19049788
19309688
19707788
19724088
19769588
20179588
20406688
21150188
22281688
22328188
22625388
23372688
23559288
23630988
23680788
23726388
23926088
23974188
24305088
24429788
24463388
2139389
2230689
2246589
4065389
4727989
4854689
4860689
7709389
8063089
8507889
8508589
8809189
9204389
9667089
9897089
10565189
10574689
10586189
10624289
11200289
11478089
11799189
12587789
12793889
13024789
13414389
13549089
14110689
14842489
14883789
15100989
15745989
15781189
16012989
16500389
16817689
16881089
17185589
17309789
17881689
17889089
17961589
18001089
18013489
18101689
18668389
18879289
18900289
19310289
19888689
20401689
20407489
20570389
20677489
20935089
21043389
21221789
21568089
22010289
22193289
22724289
23084489
23354989
23563489
23577189
23854589
24017589
24037689
24071789
24252589
24413789
525190
2402090
4118890
4470190
8642590
8950390
9333290
10183290
10350190
10595190
11312190
11349390
11801290
11905390
12439090
12632690
12787390
12895190
13377990
14065290
14199190
15011690
15028790
15673590
16064190
16114890
16118690
16192390
16360290
16471890
16732190
17061390
17336190
17336690
17421490
17833990
18048890
18146790
19275690
19413690
19459990
19519690
19640590
19689590
19695890
19711790
19763190
20373590
20459190
20490790
20606190
20661790
20877290
21646290
21704790
21710290
21934990
21949190
22257190
22289390
22551590
22632190
22650790
22701890
22717390
22953290
23144890
23189290
23189390
23470090
23497690
23761490
23987990
24037690
24476590
10191
19691
54991
326191
491591
2348891
4185791
4813691
7671491
8536191
8823991
9238891
9630691
9792691
9876891
10059991
10544591
10741891
10778791
11023291
11105091
11268991
11336791
11350891
11501591
11527591
11556491
12039591
12236591
12426191
12440091
12458791
12509891
12632091
12637891
12689591
12699291
12726891
12903391
13050191
13274291
13284991
13663391
14371791
14766191
14954291
15032091
15066991
15322791
15373591
15403691
15427291
15609891
15746891
15889191
16244091
16308891
16352491
16406891
16770891
16902491
16920591
16998291
17009191
17483691
17711191
18087791
18388391
19127091
19379491
20002491
20091591
20570191
20648891
20934991
21116491
21938291
21984691
22167291
22275491
22296291
22327091
22428591
22549691
22988691
23065091
23083391
23518291
23855491
23992591
24244991
24290891
15592
480192
505092
2176192
2176692
2223492
4048292
4472392
4756992
8973592
10035192
10072692
10398592
10503092
10560692
10785192
11038592
11198292
11204592
11215792
11223292
11326292
11724492
12048492
12162392
12374892
12394592
12465992
12471692
12508992
12781392
13083492
13201492
13379192
13636192
13723592
13992792
14214692
14777092
15012592
15176092
15226392
15375292
15628292
16282692
16598692
16640592
16733892
16760292
17139492
17162492
17303392
17731492
17888792
18008092
18027392
18033992
18153792
18941692
19215492
19233392
19841892
20157392
20435592
20479992
20676292
20813792
20878492
21358292
21444092
21565392
21697392
21965692
22116492
22198992
22255592
22680692
22712392
22810892
22967392
23292792
23347892
23448692
23791792
23845592
23856992
482593
1620893
1622193
1628993
3616093
3888493
4077793
4310493
4856693
8401193
8667193
8761793
9470193
9861793
9978393
9979393
10005293
10872993
11089893
11249893
11298293
11805793
11936093
12306493
12450693
13039793
13184693
13613993
13783793
14829593
15307493
15624593
15666893
15697493
15776093
15776393
16506093
16587593
16637493
16709593
16823693
17162493
17364893
17416793
17424293
17434293
17636593
17956393
17958393
18041993
18759593
18885893
20465493
20469993
20852393
20900893
20962193
21086193
21169093
21247793
21424093
21532593
21570793
21913093
22403593
22418093
22929793
23293593
23326493
23344393
23451793
23890493
23894993
24169293
24209093
10194
11494
47994
1628994
1985894
2338594
3576794
4344894
4502494
4785394
4842194
4866494
4867094
7859894
8322994
8619294
8759994
9395494
9406294
9521294
9642194
9679394
9836494
10059994
10391494
10786194
10791094
10897194
11862694
12000794
12199594
12437594
13181694
13395094
13943094
14118694
14374194
14389594
14577894
14602794
14776894
14887794
15018894
15080394
15264994
15695494
15803094
16029494
16070194
16395694
16528894
16933194
17860194
17936794
17981494
18080594
18224294
18974494
19210994
20525194
20934094
20959994
21834394
21904894
22109494
22422794
22618594
22994694
23045994
23232294
23262894
23347194
23451794
23657394
23718294
23889694
24037894
24248894
36395
67095
466695
514095
539395
1929095
2224195
4031795
4694995
4780895
4852495
8697895
8878295
9210295
9623395
10357095
10536295
10946995
10993295
11334095
11594495
11717395
11789295
12230195
12394595
12397995
13319295
13716195
13736195
14297195
15019895
15421295
15452095
15946795
16298395
16423495
16613395
16767495
16779395
16809795
16897795
17017495
17258495
17711995
17750095
18003095
18007195
18034295
18152295
18254595
18851795
19146495
19185095
19282195
19333095
19348295
19510295
19688195
20188695
21187595
21363495
21919995
22045295
22134395
22238095
22459995
22586095
23130895
23293895
23303395
23516195
23657395
23684695
24394095
24477595
10796
13096
60896
2288296
4100596
4350296
4391296
4496796
4849796
8866696
9191696
9555796
9613196
10180696
10233896
10492396
10692996
10999096
11511696
12092696
12139096
12326996
12965896
13150396
14121596
14181496
14220896
14481196
14514896
14587996
14919396
15076296
15282396
15483796
15484696
15750196
16146696
16320596
16621196
16689496
16738096
17327996
17384296
17662096
17957896
18013396
18189696
18359496
19107696
19196796
19214796
19217396
20383996
20406696
20465196
20477496
20608096
20861496
21046296
21103096
21231096
21327596
21331696
21353496
21397596
21561796
21852796
21888396
22140996
22598596
22766496
22828396
22888196
22888296
23451796
23900896
23923896
24086096
464397
1793797
4099997
8102297
9207597
9403997
10231797
10470497
10552597
11365197
11620197
11850097
12042197
12195397
12264697
12751997
13043497
13180697
13239197
13298697
13361797
14060197
14355697
14715897
14732497
14864197
14981197
15098397
15425697
15757597
16220997
16425497
16515297
17011997
17118197
17413197
17492597
17542197
17544397
17916297
17933297
17950297
18092897
18385897
19206697
19599597
19716897
19815697
19818197
20108297
20144297
20366997
20402297
20582897
20620997
20676397
21010297
21025397
21057597
21131797
21180397
21427497
21429297
21566397
21645397
21737397
22018897
22084697
22339897
22442597
22469697
22567797
22691697
22777797
22897097
22963697
23012097
23271497
23307497
23372697
23506897
23798697
24093697
24221597
10898
534598
555698
1620398
1761398
1921398
4161598
4383598
4611698
4822698
7614498
8227398
8498298
9485998
9919098
10479398
10894298
11250998
11454098
11556498
11904398
12283298
12474198
12775698
13044998
13288898
13408998
13646598
13705298
13997498
14075498
14772998
15098698
15511898
15784198
16347598
16393498
17173398
17402398
18490598
18777898
19055098
19127698
19167898
19265398
19620998
19746698
19947998
20478398
20562398
20737298
20738098
20875698
21182698
21195398
21262698
21276998
21629098
21809298
22182598
22234998
22245598
22299498
22387498
22404298
22729698
22952998
23026298
23545798
24253998
24254298
56599
468399
550899
1624799
4296099
4831199
7747899
7953099
8447399
8576899
9035099
9337799
9661699
9856999
10782199
10863399
10950199
11200899
11380299
11579499
11617299
11992899
12327599
12388899
12681099
13627899
13718399
13985799
14381399
14382699
14946799
15122999
15178599
15215399
15223299
15351999
15418799
15456399
15487499
15513499
15677199
15796399
16374899
16568699
16689399
16716899
17276999
17644699
17727199
17866399
17952499
18139499
18861199
18956899
18973899
19361699
19460699
19737599
19826099
19988499
20565699
20774599
21259099
21611299
22277399
22283699
22320399
22434699
22601599
22746099
22817299
23292699
23454599
23652599
23782899
24209099